a[0]	 : 0.000000
a[1]	 : 0.000000
a[2]	 : 0.000000
a[3]	 : 0.000000
a[4]	 : 0.000000
a[5]	 : 0.000000
a[6]	 : 0.000000
a[7]	 : 0.000000
a[8]	 : 0.000000
a[9]	 : 0.000000
a[10]	 : 0.000000
a[11]	 : 0.000000
a[12]	 : 0.000000
a[13]	 : 0.000000
a[14]	 : 0.000000
a[15]	 : 0.000000
a[16]	 : 0.000000
a[17]	 : 0.000000
a[18]	 : 0.000000
a[19]	 : 0.000000
a[20]	 : 0.000000
a[21]	 : 0.000000
a[22]	 : 0.000000
a[23]	 : 0.000000
a[24]	 : 0.000000
a[25]	 : 0.000000
a[26]	 : 0.000000
a[27]	 : 0.000000
a[28]	 : 0.000000
a[29]	 : 0.000000
a[30]	 : 0.000000
a[31]	 : 0.000000
a[32]	 : 0.000000
a[33]	 : 0.000000
a[34]	 : 0.000000
a[35]	 : 0.000000
a[36]	 : 0.000000
a[37]	 : 0.000000
a[38]	 : 0.000000
a[39]	 : 0.000000
a[40]	 : 0.000000
a[41]	 : 0.000000
a[42]	 : 0.000000
a[43]	 : 0.000000
a[44]	 : 0.000000
a[45]	 : 0.000000
a[46]	 : 0.000000
a[47]	 : 0.000000
a[48]	 : 0.000000
a[49]	 : 0.000000
a[50]	 : 0.000000
a[51]	 : 0.000000
a[52]	 : 0.000000
a[53]	 : 0.000000
a[54]	 : 0.000000
a[55]	 : 0.000000
a[56]	 : 0.000000
a[57]	 : 0.000000
a[58]	 : 0.000000
a[59]	 : 0.000000
a[60]	 : 0.000000
a[61]	 : 0.000000
a[62]	 : 0.000000
a[63]	 : 0.000000
a[64]	 : 0.000000
a[65]	 : 0.000000
a[66]	 : 0.000000
a[67]	 : 0.000000
a[68]	 : 0.000000
a[69]	 : 0.000000
a[70]	 : 0.000000
a[71]	 : 0.000000
a[72]	 : 0.000000
a[73]	 : 0.000000
a[74]	 : 0.000000
a[75]	 : 0.000000
a[76]	 : 0.000000
a[77]	 : 0.000000
a[78]	 : 0.000000
a[79]	 : 0.000000
a[80]	 : 0.000000
a[81]	 : 0.000000
a[82]	 : 0.000000
a[83]	 : 0.000000
a[84]	 : 0.000000
a[85]	 : 0.000000
a[86]	 : 0.000000
a[87]	 : 0.000000
a[88]	 : 0.000000
a[89]	 : 0.000000
a[90]	 : 0.000000
a[91]	 : 0.000000
a[92]	 : 0.000000
a[93]	 : 0.000000
a[94]	 : 0.000000
a[95]	 : 0.000000
a[96]	 : 0.000000
a[97]	 : 0.000000
a[98]	 : 0.000000
a[99]	 : 0.000000
a[100]	 : 0.000000
a[101]	 : 0.000000
a[102]	 : 0.000000
a[103]	 : 0.000000
a[104]	 : 0.000000
a[105]	 : 0.000000
a[106]	 : 0.000000
a[107]	 : 0.000000
a[108]	 : 0.000000
a[109]	 : 0.000000
a[110]	 : 0.000000
a[111]	 : 0.000000
a[112]	 : 9.949013
a[113]	 : 0.000000
a[114]	 : -33.390438
a[115]	 : 0.000000
a[116]	 : 0.000000
a[117]	 : 0.000000
a[118]	 : 0.000000
a[119]	 : 0.000000
a[120]	 : 0.000000
a[121]	 : 0.000000
a[122]	 : 0.000000
a[123]	 : 0.000000
a[124]	 : 0.000000
a[125]	 : 0.000000
a[126]	 : 0.000000
a[127]	 : 0.000000
a[128]	 : 0.000000
a[129]	 : 0.000000
a[130]	 : 0.000000
a[131]	 : 0.000000
a[132]	 : 0.000000
a[133]	 : 0.000000
a[134]	 : 0.000000
a[135]	 : 0.000000
a[136]	 : 0.000000
a[137]	 : 0.000000
a[138]	 : 0.000000
a[139]	 : 0.000000
a[140]	 : 0.000000
a[141]	 : 0.000000
a[142]	 : 0.000000
a[143]	 : 0.000000
a[144]	 : 0.000000
a[145]	 : 0.000000
a[146]	 : 0.000000
a[147]	 : 0.000000
a[148]	 : 0.000000
a[149]	 : 0.000000
a[150]	 : 0.000000
a[151]	 : 0.000000
a[152]	 : 0.000000
a[153]	 : 0.000000
a[154]	 : 0.000000
a[155]	 : 0.000000
a[156]	 : -79.572563
a[157]	 : 0.000000
a[158]	 : 11.555892
a[159]	 : 0.000000
a[160]	 : 0.000000
a[161]	 : 2.976860
a[162]	 : 0.000000
a[163]	 : 0.000000
a[164]	 : 0.000000
